0.329999923706055 51.0999984741211 0.00619753817358836
-0.110000133514404 52.2000007629395 0.00494793549540062
0.329999923706055 50.9899978637695 0.00491792320400309
-0.110000133514404 52.0900001525879 0.00831340471711369
0.051558438 51.37197 0.00268473588501473
-0.15742168 51.546374 0.0123937121521132
0 52.2000007629395 0.00521258933772422
-0.220000267028809 51.9799995422363 0.00739393724429869
0 52.5299987792969 0.00461643609496435
0.055562741 51.474446 0.00617707524763551
-0.063382554 51.552242 0.0145136712808291
-0.22079106 51.495034 0.0137415368748747
-0.10745309 51.59037 0.00998317947486675
-0.34128435 51.59772 0.0055904713703203
0.439999580383301 52.0900001525879 0.00272429754185691
-0.330000400543213 51.8699989318848 0.00286480963339986
-0.3662031 51.468501 0.00517439187594556
0 52.4199981689453 0.0161384276014859
-0.19225241 51.501225 0.0178736837222881
-0.286938 51.387894 0.00539402728117288
0 52.3099975585938 0.0135382718104096
0.109999656677246 52.6399993896484 0.00965986524481163
-0.110000133514404 51.9799995422363 0.00681551853736462
0.109999656677246 52.75 0.00918648955776889
0.075851413 51.585661 0.00577054511870543
-0.220000267028809 51.8699989318848 0.00409531358069828
-0.074061247 51.474228 0.0115765593090625
-0.17758273 51.36209 0.00559319976044735
-0.034633583 51.515776 0.0135328150301555
-0.012647103 51.594028 0.00767359723232106
-0.1861957 51.451988 0.0103678824827804
-0.16042394 51.51341 0.0115151705312039
-2.4669807 53.578626 0.00254695218359883
-2.20000028610229 51.8699989318848 0.00247601404029559
-2.09000015258789 51.5400009155273 0.00463417063079016
-1.87000036239624 51.5400009155273 0.00208176166693723
-2.09000015258789 51.6499977111816 0.00177208938751734
-1.98000001907349 51.5400009155273 0.00177208938751734
-2.20000028610229 51.7599983215332 0.00303260562621328
-2.3100004196167 51.8699989318848 0.00303260562621328
-2.09000015258789 51.4300003051758 0.00307898825837309
-1.98000001907349 51.3199996948242 0.00307898825837309
-1.98000001907349 51.4300003051758 0.00281706280617653
-2.3100004196167 51.7599983215332 0.00270383461590406
-2.20000028610229 51.6499977111816 0.00270383461590406
-2.53000020980835 51.8699989318848 0.00218544049176504
-2.42000007629395 51.7599983215332 0.00218544049176504
-2.75 52.3099975585938 0.00237369941053131
-2.8600001335144 52.5299987792969 0.00535992240458479
-2.64000034332275 51.9799995422363 0.00176936099739029
-2.97000026702881 52.75 0.00252103247739188
-2.8600001335144 52.75 0.00252103247739188
-3.08000016212463 53.2999992370605 0.00271338398134873
-3.0923582 53.369305 0.00271338398134873
-2.97000026702881 52.6399993896484 0.00271338398134873
-1.54000043869019 51.9799995422363 0.000904461327116242
-1.32000017166138 52.6399993896484 0.000904461327116242
-1.21000003814697 52.8600006103516 0.000904461327116242
-1.65000009536743 51.8699989318848 0.000904461327116242
-1.43000030517578 52.3099975585938 0.000904461327116242
-1.10000038146973 53.0799980163574 0.00068891850707949
-0.990000247955322 52.9700012207031 0.00068891850707949
-1.10000038146973 52.9700012207031 0.00068891850707949
-0.769999980926514 53.2999992370605 0.00068891850707949
-0.880000114440918 53.0799980163574 0.00068891850707949
-0.990000247955322 53.0799980163574 0.00068891850707949
-0.880000114440918 53.189998626709 0.00068891850707949
-1.21000003814697 52.75 0.00118139292501156
-1.10000038146973 52.8600006103516 0.00118139292501156
-1.54000043869019 51.8699989318848 0.00190305211361562
-1.43000030517578 52.2000007629395 0.00190305211361562
-1.32000017166138 52.5299987792969 0.00190305211361562
-1.54000043869019 53.4099998474121 0.00183211397031239
-1.43000030517578 53.7399978637695 0.00183211397031239
-1.65000009536743 53.2999992370605 0.00183211397031239
-1.54000043869019 53.5200004577637 0.00312127830534232
-1.43000030517578 53.8499984741211 0.00317311771775623
-1.32000017166138 54.0699996948242 0.00323587069067832
-1.32000017166138 53.9599990844727 0.00278705051477901
-1.65000009536743 50.8800010681152 0.00497794778679814
-1.87000036239624 55.5 0.00497794778679814
-1.98000001907349 55.5 0.00497794778679814
-1.87000036239624 55.6100006103516 0.00497794778679814
-1.43000030517578 51.2099990844727 0.00416079494374742
-2.09000015258789 55.6100006103516 0.00424946762287646
-1.98000001907349 55.6100006103516 0.0045100288800095
-1.65000009536743 50.7700004577637 0.00152653427608307
-1.54000043869019 50.8800010681152 0.00152653427608307
-1.9663538 52.599262 0.00332727175993441
-2.121009 52.58919 0.00464781258142539
-1.65000009536743 52.0900001525879 0.0017407129010563
-1.65000009536743 52.2000007629395 0.0017407129010563
-1.76000022888184 51.9799995422363 0.0017407129010563
-1.87000036239624 51.8699989318848 0.0017407129010563
-1.87000036239624 51.7599983215332 0.00072165918860406
-1.98000001907349 51.6499977111816 0.00072165918860406
-1.76000022888184 51.8699989318848 0.00072165918860406
-1.87000036239624 51.6499977111816 0.00072165918860406
-1.54000043869019 52.0900001525879 0.00129734950541108
-1.76000022888184 51.7599983215332 0.00129734950541108
-1.65000009536743 51.9799995422363 0.00129734950541108
-1.54000043869019 52.2000007629395 0.00129734950541108
-1.43000030517578 52.5299987792969 0.00176936099739029
-1.32000017166138 52.9700012207031 0.00176936099739029
-1.21000003814697 53.0799980163574 0.00176936099739029
-1.43000030517578 52.6399993896484 0.00176936099739029
-1.32000017166138 52.8600006103516 0.00176936099739029
-1.54000043869019 52.3099975585938 0.00176936099739029
-1.32000017166138 52.75 0.0012700656041406
-1.43000030517578 52.4199981689453 0.0012700656041406
-1.21000003814697 52.9700012207031 0.0012700656041406
-1.2556032 54.669059 0.00128780013996641
-1.10000038146973 53.9599990844727 0.00341458024399993
-0.990000247955322 54.0699996948242 0.000774862796081486
-0.769999980926514 54.1800003051758 0.000774862796081486
-0.880000114440918 54.0699996948242 0.000774862796081486
-0.990000247955322 53.9599990844727 0.000774862796081486
-1.21000003814697 53.9599990844727 0.00119367068058328
-1.21000003814697 53.8499984741211 0.00119367068058328
-1.10000038146973 54.0699996948242 0.00119367068058328
-1.32000017166138 53.6300010681152 0.000675276556444253
-1.43000030517578 53.2999992370605 0.000675276556444253
-2.7188058 53.343744 0.002039471619968
-2.42000007629395 51.6499977111816 0.00144331837720812
-2.53000020980835 51.7599983215332 0.00144331837720812
-2.42000007629395 51.9799995422363 0.00136828764871431
-2.3100004196167 51.9799995422363 0.00136828764871431
-3.0355281 53.817664 0.00555773068879573
-0.110000133514404 50.8800010681152 0.00465054097155244
-0.550000190734863 53.7399978637695 0.000177345358258087
-0.660000324249268 53.7399978637695 0.000177345358258087
-0.440000057220459 54.1800003051758 0.000177345358258087
-0.330000400543213 54.0699996948242 0.000177345358258087
-0.660000324249268 53.8499984741211 0.000177345358258087
-0.550000190734863 53.8499984741211 0.000177345358258087
-0.440000057220459 53.9599990844727 0.000177345358258087
-0.440000057220459 54.0699996948242 0.000177345358258087
-0.769999980926514 53.6300010681152 0.000177345358258087
-0.769999980926514 53.5200004577637 0.000177345358258087
-0.550000190734863 53.9599990844727 0.000177345358258087
-0.110000133514404 51.2099990844727 0.000177345358258087
-0.330000400543213 54.1800003051758 0.000177345358258087
-0.220000267028809 50.8800010681152 0.000177345358258087
-0.440000057220459 53.8499984741211 0.000177345358258087
-0.660000324249268 53.6300010681152 0.000177345358258087
-0.110000133514404 51.0999984741211 0.000177345358258087
-0.110000133514404 50.9899978637695 0.000177345358258087
0.21999979019165 52.4199981689453 0.000177345358258087
0.21999979019165 52.3099975585938 0.000177345358258087
0 51.5400009155273 0.000177345358258087
-0.769999980926514 53.4099998474121 0.000177345358258087
0.109999656677246 51.9799995422363 0.000177345358258087
0 51.4300003051758 0.000177345358258087
-0.220000267028809 50.9899978637695 0.000177345358258087
0 51.6499977111816 0.000177345358258087
0 51.3199996948242 0.000177345358258087
0.439999580383301 51.2099990844727 0.000177345358258087
0.109999656677246 51.8699989318848 0.000177345358258087
0.109999656677246 51.7599983215332 0.00112273253728004
0.21999979019165 52.2000007629395 0.00112273253728004
0 51.2099990844727 0.00112273253728004
-0.330000400543213 53.9599990844727 0.000246919306497798
-0.550000190734863 53.6300010681152 0.000246919306497798
-0.330000400543213 53.8499984741211 0.000246919306497798
-0.440000057220459 53.7399978637695 0.000246919306497798
-0.769999980926514 53.189998626709 0.000246919306497798
-0.550000190734863 53.5200004577637 0.000246919306497798
-0.660000324249268 53.4099998474121 0.000246919306497798
-0.660000324249268 53.5200004577637 0.000246919306497798
-0.440000057220459 53.6300010681152 0.000246919306497798
-0.220000267028809 54.0699996948242 0.000246919306497798
-1.10000038146973 53.4099998474121 0.000908553912306813
-0.880000114440918 53.5200004577637 0.000908553912306813
-0.990000247955322 53.4099998474121 0.000908553912306813
-1.4683561 52.912532 0.00387567817547095
-0.990000247955322 52.0900001525879 0.00520849675253365
-1.10000038146973 52.0900001525879 0.00520849675253365
-0.550000190734863 52.6399993896484 0.000124141750780661
-0.660000324249268 52.5299987792969 0.000124141750780661
-0.550000190734863 52.75 0.000124141750780661
-0.440000057220459 52.75 0.000124141750780661
-1.10000038146973 52.4199981689453 0.00488108993728795
-2.8600001335144 51.3199996948242 0.000109135605081899
-2.64000034332275 50.8800010681152 0.000109135605081899
-2.64000034332275 54.8400001525879 0.000109135605081899
-2.75 50.7700004577637 0.000109135605081899
-2.64000034332275 50.9899978637695 0.000109135605081899
-2.53000020980835 50.6599998474121 0.000109135605081899
-2.53000020980835 54.9500007629395 0.000109135605081899
-2.75 50.8800010681152 0.000109135605081899
-2.42000007629395 55.1699981689453 0.000109135605081899
-2.97000026702881 52.0900001525879 0.000109135605081899
-2.8600001335144 51.2099990844727 0.000109135605081899
-2.8600001335144 51.0999984741211 0.000109135605081899
-2.64000034332275 50.7700004577637 0.000109135605081899
-2.64000034332275 55.0599975585938 0.000109135605081899
-2.8600001335144 55.0599975585938 0.000109135605081899
-2.97000026702881 51.9799995422363 0.000109135605081899
-2.75 55.0599975585938 0.000109135605081899
-2.75 50.9899978637695 0.000109135605081899
-2.53000020980835 55.1699981689453 0.000109135605081899
-2.64000034332275 55.1699981689453 0.000109135605081899
-2.75 54.9500007629395 0.000109135605081899
-2.8600001335144 50.9899978637695 0.000109135605081899
-2.42000007629395 55.2799987792969 0.000109135605081899
-2.53000020980835 55.0599975585938 0.000109135605081899
-2.53000020980835 54.8400001525879 0.000109135605081899
-2.64000034332275 54.9500007629395 0.000109135605081899
-2.3100004196167 50.9899978637695 0.00074348630962044
-2.42000007629395 50.9899978637695 0.00074348630962044
-2.3100004196167 51.0999984741211 0.00074348630962044
-2.53000020980835 51.0999984741211 0.00074348630962044
-2.09000015258789 51.0999984741211 0.00351280228857364
-1.98000001907349 50.8800010681152 0.00351280228857364
-2.09000015258789 50.9899978637695 0.00351280228857364
-2.3100004196167 54.3999977111816 0.00066709138606311
-2.64000034332275 54.2900009155273 0.00066709138606311
-2.53000020980835 54.2900009155273 0.00066709138606311
-2.42000007629395 54.3999977111816 0.00066709138606311
-2.53000020980835 54.3999977111816 0.00474330623587206
-2.8600001335144 50.8800010681152 0.00474330623587206
-2.75 54.8400001525879 0.000687554312015967
-2.75 54.7299995422363 0.000687554312015967
-2.64000034332275 54.3999977111816 0.000687554312015967
-2.8600001335144 54.8400001525879 0.000687554312015967
-2.8600001335144 50.7700004577637 0.000687554312015967
-2.8600001335144 54.9500007629395 0.000687554312015967
-2.3100004196167 54.5099983215332 0.000673912361380729
-2.42000007629395 54.5099983215332 0.000673912361380729
-2.53000020980835 54.6199989318848 0.000673912361380729
-2.3100004196167 54.6199989318848 0.000673912361380729
-2.53000020980835 54.5099983215332 0.000673912361380729
-2.42000007629395 54.6199989318848 0.000673912361380729
-2.64000034332275 54.5099983215332 0.000673912361380729
-4.1198807 50.391864 0.00411577650665113
-3.5303986 50.440644 0.00281433441604948
-3.41000008583069 50.8800010681152 0.00281433441604948
-1.8578568 50.741823 0.00482788632981053
-1.98000001907349 53.8499984741211 0.0029070996803691
-1.76000022888184 54.7299995422363 0.00106680053967557
-1.76000022888184 54.8400001525879 0.00106680053967557
-1.65000009536743 54.7299995422363 0.00106680053967557
-0.110000133514404 53.189998626709 0.000619344558839779
-0.220000267028809 53.0799980163574 0.000619344558839779
0.109999656677246 50.8800010681152 0.000619344558839779
-0.330000400543213 52.9700012207031 0.000619344558839779
-0.42561057 51.89422 0.00580192160516648
0.989999771118164 52.2000007629395 0.00523578065380413
1.20999956130981 51.3199996948242 0.00523578065380413
0.659999847412109 52.75 0.0011950348756468
0.549999713897705 52.5299987792969 0.0011950348756468
0.989999771118164 52.0900001525879 0.00177208938751734
0.769999980926514 52.8600006103516 0.00177208938751734
-0.550000190734863 51.4300003051758 0.00136692345365079
-0.660000324249268 51.3199996948242 0.00136692345365079
-1.54000043869019 54.8400001525879 0.000279659988022367
-1.43000030517578 54.8400001525879 0.000279659988022367
-1.43000030517578 54.7299995422363 0.000279659988022367
-1.21000003814697 50.8800010681152 0.000279659988022367
-1.10000038146973 50.8800010681152 0.000279659988022367
-0.990000247955322 50.8800010681152 0.000279659988022367
-1.32000017166138 54.7299995422363 0.000279659988022367
-0.880000114440918 50.9899978637695 0.0048319789150011
-0.58622876 51.508389 0.0049929539324969
-0.660000324249268 51.4300003051758 0.000927652643196145
-0.769999980926514 51.0999984741211 0.00114455965829642
-0.769999980926514 51.2099990844727 0.00114455965829642
-0.660000324249268 51.9799995422363 0.000915374887624432
-0.550000190734863 52.0900001525879 0.000915374887624432
-0.550000190734863 51.9799995422363 0.000915374887624432
-0.1331338 50.843487 0.00408985680044418
-1.0784595 50.8205 0.00632713670462312
-1.39871 50.916984 0.00595198306215409
-0.769999980926514 51.6499977111816 0.000251011891688369
-0.550000190734863 51.8699989318848 0.000251011891688369
-0.769999980926514 51.4300003051758 0.000251011891688369
-0.769999980926514 51.5400009155273 0.000251011891688369
-0.880000114440918 51.4300003051758 0.000251011891688369
-0.880000114440918 51.3199996948242 0.000251011891688369
-0.660000324249268 51.7599983215332 0.000251011891688369
-0.880000114440918 51.5400009155273 0.000251011891688369
-0.660000324249268 51.8699989318848 0.000251011891688369
-0.550000190734863 51.7599983215332 0.000619344558839779
-0.550000190734863 51.6499977111816 0.000619344558839779
-0.440000057220459 51.7599983215332 0.000619344558839779
-0.550000190734863 51.5400009155273 0.000597517437823399
-0.440000057220459 51.6499977111816 0.000597517437823399
-0.769999980926514 51.3199996948242 0.000680733336698348
-0.660000324249268 51.6499977111816 0.000680733336698348
-0.660000324249268 51.5400009155273 0.000680733336698348
0.329999923706055 51.7599983215332 0.00364922179492601
0.769999980926514 51.6499977111816 0.000152789847114659
0.659999847412109 51.2099990844727 0.000152789847114659
0.659999847412109 51.4300003051758 0.000152789847114659
0.549999713897705 50.9899978637695 0.000152789847114659
0.329999923706055 51.9799995422363 0.000152789847114659
0.659999847412109 51.3199996948242 0.000152789847114659
0.769999980926514 51.5400009155273 0.000152789847114659
0.329999923706055 52.2000007629395 0.000208721844719133
0 53.4099998474121 0.000208721844719133
0.21999979019165 51.3199996948242 0.000208721844719133
0.329999923706055 52.0900001525879 0.000208721844719133
0.21999979019165 51.2099990844727 0.000208721844719133
0 53.2999992370605 0.000236005745989608
-0.220000267028809 52.9700012207031 0.000236005745989608
-0.110000133514404 52.75 0.000236005745989608
-0.220000267028809 52.8600006103516 0.000236005745989608
0 53.189998626709 0.000236005745989608
-0.220000267028809 52.75 0.000236005745989608
-0.110000133514404 52.9700012207031 0.000236005745989608
0 53.0799980163574 0.000236005745989608
0.21999979019165 51.0999984741211 0.000236005745989608
-0.110000133514404 52.8600006103516 0.000236005745989608
-0.110000133514404 53.0799980163574 0.000236005745989608
0.439999580383301 52.8600006103516 0.000196444089147419
0.329999923706055 51.8699989318848 0.000196444089147419
0.659999847412109 51.0999984741211 0.000196444089147419
0.21999979019165 50.8800010681152 0.000196444089147419
0 52.9700012207031 0.000196444089147419
0.21999979019165 50.9899978637695 0.000196444089147419
0.109999656677246 53.2999992370605 0.000196444089147419
0.439999580383301 52.75 0.000196444089147419
0.329999923706055 51.6499977111816 0.000196444089147419
0.439999580383301 52.6399993896484 0.000196444089147419
-3.19000029563904 52.4199981689453 0.000102314629764281
-3.08000016212463 51.2099990844727 0.000102314629764281
-3.19000029563904 51.0999984741211 0.000102314629764281
-3.08000016212463 54.8400001525879 0.000102314629764281
-3.19000029563904 50.9899978637695 0.000102314629764281
-2.97000026702881 50.7700004577637 0.000102314629764281
-3.08000016212463 54.9500007629395 0.000102314629764281
-2.97000026702881 53.7399978637695 0.000102314629764281
-2.97000026702881 54.2900009155273 0.000102314629764281
-3.08000016212463 54.6199989318848 0.000102314629764281
-3.30000019073486 51.0999984741211 0.000102314629764281
-3.08000016212463 50.9899978637695 0.000102314629764281
-3.08000016212463 54.7299995422363 0.000102314629764281
-3.08000016212463 51.0999984741211 0.000102314629764281
-3.08000016212463 50.8800010681152 0.000102314629764281
-2.97000026702881 53.5200004577637 0.000102314629764281
-3.08000016212463 54.1800003051758 0.00126051623869594
-3.08000016212463 54.2900009155273 0.00126051623869594
-2.8600001335144 54.1800003051758 0.000132326921161803
-2.42000007629395 53.2999992370605 0.000132326921161803
-2.8600001335144 54.0699996948242 0.000132326921161803
-2.75 53.9599990844727 0.000132326921161803
-2.75 53.8499984741211 0.000132326921161803
-2.75 54.0699996948242 0.000132326921161803
-2.64000034332275 53.6300010681152 0.000132326921161803
-2.64000034332275 53.4099998474121 0.000132326921161803
-2.97000026702881 54.3999977111816 0.000132326921161803
-2.53000020980835 53.2999992370605 0.000132326921161803
-2.64000034332275 53.5200004577637 0.000132326921161803
-2.53000020980835 53.4099998474121 0.000132326921161803
-3.19000029563904 54.7299995422363 0.000129598531034756
-3.41000008583069 50.7700004577637 0.000129598531034756
-3.19000029563904 50.8800010681152 0.000129598531034756
-3.30000019073486 54.9500007629395 0.000129598531034756
-3.08000016212463 54.5099983215332 0.000129598531034756
-3.19000029563904 54.8400001525879 0.000129598531034756
-3.08000016212463 50.7700004577637 0.000129598531034756
-3.19000029563904 54.9500007629395 0.000129598531034756
-3.30000019073486 50.9899978637695 0.000129598531034756
-3.19000029563904 50.7700004577637 0.000129598531034756
-2.8600001335144 53.9599990844727 3.13764864610461e-05
-2.8600001335144 53.8499984741211 3.13764864610461e-05
-2.53000020980835 52.8600006103516 3.13764864610461e-05
-2.09000015258789 52.5299987792969 3.13764864610461e-05
-2.64000034332275 53.189998626709 3.13764864610461e-05
-2.53000020980835 52.9700012207031 3.13764864610461e-05
-2.8600001335144 53.7399978637695 3.13764864610461e-05
-2.20000028610229 52.75 3.13764864610461e-05
-2.64000034332275 53.0799980163574 3.13764864610461e-05
-2.20000028610229 52.6399993896484 3.13764864610461e-05
-2.97000026702881 53.6300010681152 3.13764864610461e-05
-2.3100004196167 52.75 3.13764864610461e-05
-2.75 53.5200004577637 3.13764864610461e-05
-2.3100004196167 53.189998626709 3.13764864610461e-05
-2.53000020980835 53.189998626709 3.13764864610461e-05
-2.42000007629395 52.8600006103516 3.13764864610461e-05
-2.3100004196167 52.8600006103516 3.13764864610461e-05
-2.42000007629395 52.6399993896484 3.13764864610461e-05
-2.3100004196167 53.0799980163574 3.13764864610461e-05
-2.3100004196167 52.9700012207031 3.13764864610461e-05
-2.42000007629395 52.75 3.13764864610461e-05
-2.42000007629395 52.9700012207031 3.13764864610461e-05
-2.75 53.7399978637695 3.13764864610461e-05
-2.75 53.6300010681152 3.13764864610461e-05
-2.53000020980835 53.0799980163574 3.13764864610461e-05
-2.64000034332275 53.2999992370605 3.13764864610461e-05
-2.97000026702881 52.8600006103516 9.14010692560908e-05
-2.53000020980835 52.75 9.14010692560908e-05
-2.97000026702881 53.4099998474121 9.14010692560908e-05
-3.08000016212463 54.3999977111816 9.14010692560908e-05
-2.64000034332275 52.9700012207031 9.14010692560908e-05
-2.8600001335144 53.6300010681152 9.14010692560908e-05
-2.53000020980835 52.6399993896484 9.14010692560908e-05
-2.75 53.189998626709 9.14010692560908e-05
-2.64000034332275 52.8600006103516 9.14010692560908e-05
-2.75 53.4099998474121 9.14010692560908e-05
-2.8600001335144 53.5200004577637 9.14010692560908e-05
-2.8600001335144 53.2999992370605 9.14010692560908e-05
-2.97000026702881 53.2999992370605 9.14010692560908e-05
-2.42000007629395 52.5299987792969 9.14010692560908e-05
-2.8600001335144 53.4099998474121 9.14010692560908e-05
-2.75 53.2999992370605 9.14010692560908e-05
-2.3100004196167 52.6399993896484 9.14010692560908e-05
-1.43000030517578 51.7599983215332 0.000598881632886923
-1.32000017166138 52.2000007629395 0.000598881632886923
-1.43000030517578 51.8699989318848 0.000598881632886923
-1.10000038146973 52.6399993896484 0.000611159388458637
-1.10000038146973 52.75 0.000611159388458637
-1.401225 53.256265 0.00204220001009504
-1.54000043869019 51.6499977111816 0.000120049165590089
-1.65000009536743 51.6499977111816 0.000120049165590089
-1.54000043869019 51.5400009155273 0.000120049165590089
-1.65000009536743 51.3199996948242 0.000120049165590089
-1.65000009536743 51.4300003051758 0.000120049165590089
-1.54000043869019 51.7599983215332 0.000120049165590089
-1.54000043869019 51.4300003051758 0.000120049165590089
-1.65000009536743 51.5400009155273 0.000120049165590089
-1.32000017166138 52.0900001525879 0.00136965184377784
-1.21000003814697 52.3099975585938 0.00136965184377784
-1.65000009536743 51.7599983215332 0.000226456380544941
-1.76000022888184 51.4300003051758 0.000226456380544941
-1.76000022888184 51.6499977111816 0.000226456380544941
-1.76000022888184 51.5400009155273 0.000226456380544941
-1.87000036239624 51.3199996948242 0.000226456380544941
-1.87000036239624 51.4300003051758 0.000226456380544941
-1.21000003814697 52.5299987792969 0.000480196662360358
-1.43000030517578 51.9799995422363 0.000480196662360358
-1.32000017166138 52.4199981689453 0.000480196662360358
-1.32000017166138 52.3099975585938 0.000480196662360358
-1.21000003814697 52.6399993896484 0.000480196662360358
-1.43000030517578 52.0900001525879 0.000480196662360358
-1.54000043869019 51.3199996948242 0.000328771010309222
-1.43000030517578 51.6499977111816 0.000328771010309222
-1.32000017166138 51.9799995422363 0.000328771010309222
-1.54000043869019 51.2099990844727 0.000328771010309222
-3.30000019073486 54.2900009155273 0.000210086039782656
-3.19000029563904 54.1800003051758 0.000210086039782656
-3.08000016212463 52.0900001525879 0.000210086039782656
-3.30000019073486 54.3999977111816 0.000210086039782656
-3.19000029563904 54.2900009155273 0.000210086039782656
-2.97000026702881 50.9899978637695 0.000210086039782656
-2.97000026702881 54.5099983215332 0.000210086039782656
-2.97000026702881 50.8800010681152 0.000210086039782656
-3.41000008583069 54.5099983215332 0.000210086039782656
-3.5101958 50.72164 0.00322222874004308
-3.41000008583069 54.6199989318848 0.000103678824827804
-3.63000011444092 50.8800010681152 0.000103678824827804
-3.52000021934509 51.0999984741211 0.000103678824827804
-3.19000029563904 54.3999977111816 0.000103678824827804
-3.08000016212463 52.2000007629395 0.000103678824827804
-3.74000024795532 50.5499992370605 0.000103678824827804
-3.30000019073486 54.5099983215332 0.000103678824827804
-3.52000021934509 50.9899978637695 0.000103678824827804
-3.63000011444092 50.7700004577637 0.000103678824827804
-3.30000019073486 50.6599998474121 0.000103678824827804
-3.30000019073486 54.6199989318848 0.000103678824827804
-3.85000014305115 50.6599998474121 0.000110499800145423
-3.85000014305115 50.7700004577637 0.000110499800145423
-3.52000021934509 51.2099990844727 0.000110499800145423
-3.74000024795532 50.8800010681152 0.000110499800145423
-3.63000011444092 51.2099990844727 0.000110499800145423
-4.07000017166138 50.5499992370605 0.000110499800145423
-3.63000011444092 50.9899978637695 0.000110499800145423
-3.74000024795532 50.7700004577637 0.000110499800145423
-3.74000024795532 50.6599998474121 0.000110499800145423
-3.96000027656555 50.5499992370605 0.000110499800145423
-3.85000014305115 50.5499992370605 0.000110499800145423
-3.96000027656555 50.6599998474121 0.000110499800145423
-3.74000024795532 50.9899978637695 0.000125505945844184
-4.07000017166138 50.6599998474121 0.000125505945844184
-3.63000011444092 50.439998626709 0.000125505945844184
-3.52000021934509 50.6599998474121 0.000125505945844184
-3.96000027656555 50.8800010681152 0.000125505945844184
-3.74000024795532 51.0999984741211 0.000125505945844184
-3.85000014305115 50.9899978637695 0.000125505945844184
-4.07000017166138 50.7700004577637 0.000125505945844184
-3.52000021934509 50.5499992370605 0.000125505945844184
-3.96000027656555 50.7700004577637 0.000125505945844184
-3.85000014305115 50.8800010681152 0.000125505945844184
-3.63000011444092 50.5499992370605 0.00024419091637075
-3.41000008583069 50.9899978637695 0.00024419091637075
-3.85000014305115 51.0999984741211 0.00024419091637075
-3.41000008583069 51.0999984741211 0.00024419091637075
-3.52000021934509 50.8800010681152 0.00024419091637075
-3.63000011444092 50.6599998474121 0.00024419091637075
-3.52000021934509 50.7700004577637 0.00024419091637075
-4.07000017166138 50.3299980163574 8.18517038114246e-05
-4.28999996185303 50.9899978637695 8.18517038114246e-05
-4.40000009536743 50.5499992370605 8.18517038114246e-05
-3.96000027656555 50.439998626709 8.18517038114246e-05
-4.28999996185303 50.5499992370605 8.18517038114246e-05
-4.28999996185303 50.439998626709 8.18517038114246e-05
-3.85000014305115 50.439998626709 8.18517038114246e-05
-4.07000017166138 50.439998626709 8.18517038114246e-05
-4.18000030517578 50.5499992370605 8.18517038114246e-05
-3.96000027656555 50.3299980163574 8.18517038114246e-05
-4.18000030517578 50.439998626709 8.18517038114246e-05
-3.96000027656555 50.9899978637695 5.72961926679972e-05
-4.28999996185303 50.8800010681152 5.72961926679972e-05
-3.85000014305115 50.3299980163574 5.72961926679972e-05
-4.18000030517578 50.8800010681152 5.72961926679972e-05
-3.96000027656555 51.0999984741211 5.72961926679972e-05
-3.74000024795532 50.439998626709 5.72961926679972e-05
-3.74000024795532 50.3299980163574 5.72961926679972e-05
-4.18000030517578 50.6599998474121 5.72961926679972e-05
-4.07000017166138 51.0999984741211 5.72961926679972e-05
-4.07000017166138 50.8800010681152 5.72961926679972e-05
-4.18000030517578 50.7700004577637 5.72961926679972e-05
-4.18000030517578 50.9899978637695 5.72961926679972e-05
-4.07000017166138 50.9899978637695 5.72961926679972e-05
-1.87000036239624 53.8499984741211 0.00121549780159966
-1.76000022888184 53.9599990844727 0.00121549780159966
-1.98000001907349 53.9599990844727 0.000321950034991603
-1.87000036239624 53.9599990844727 0.000321950034991603
-2.20000028610229 54.0699996948242 0.000139147896479422
-2.3100004196167 53.9599990844727 0.000139147896479422
-2.09000015258789 53.9599990844727 0.000139147896479422
-2.42000007629395 53.9599990844727 0.000139147896479422
-2.3100004196167 54.0699996948242 0.000139147896479422
-2.20000028610229 53.9599990844727 0.000139147896479422
-2.20000028610229 53.8499984741211 0.000139147896479422
-1.98000001907349 53.7399978637695 0.000150061456987612
-2.20000028610229 53.7399978637695 0.000150061456987612
-2.09000015258789 53.8499984741211 0.000150061456987612
-2.09000015258789 53.7399978637695 0.000150061456987612
-2.3100004196167 53.7399978637695 0.000115956580399518
-2.3100004196167 53.8499984741211 0.000115956580399518
-2.64000034332275 53.8499984741211 0.000115956580399518
-2.53000020980835 53.9599990844727 0.000115956580399518
-2.75 54.1800003051758 0.000115956580399518
-2.53000020980835 53.6300010681152 0.000115956580399518
-2.42000007629395 53.8499984741211 0.000115956580399518
-2.53000020980835 53.7399978637695 0.000115956580399518
-2.64000034332275 53.7399978637695 0.000115956580399518
-2.53000020980835 53.8499984741211 0.000115956580399518
-2.8600001335144 54.2900009155273 0.000115956580399518
-2.42000007629395 53.6300010681152 0.00207903327681018
-2.42000007629395 53.7399978637695 0.00207903327681018
0.26615353 50.776065 0.00277068017401672
0.439999580383301 51.3199996948242 0.00277068017401672
0.57036525 50.869332 0.00390296207674143
0.769999980926514 52.3099975585938 0.00390296207674143
0 51.7599983215332 0.000431085640073503
0.109999656677246 52.2000007629395 0.000431085640073503
0.109999656677246 52.0900001525879 0.000431085640073503
0.21999979019165 52.5299987792969 0.000431085640073503
0.659999847412109 52.2000007629395 0.000229184770671989
0.769999980926514 52.4199981689453 0.000229184770671989
0.989999771118164 51.0999984741211 0.000229184770671989
1.09999990463257 52.4199981689453 0.000229184770671989
0.989999771118164 51.2099990844727 0.000229184770671989
0.549999713897705 51.9799995422363 0.000229184770671989
0.21999979019165 53.0799980163574 0.000229184770671989
0.439999580383301 51.6499977111816 0.000229184770671989
0.21999979019165 52.75 0.000229184770671989
0.549999713897705 51.8699989318848 0.000229184770671989
0.549999713897705 52.0900001525879 0.000229184770671989
0.21999979019165 52.6399993896484 0.000229184770671989
0.659999847412109 52.0900001525879 0.000229184770671989
0.109999656677246 52.3099975585938 0.000229184770671989
0.439999580383301 51.4300003051758 0.000229184770671989
0.439999580383301 51.5400009155273 0.000229184770671989
0.46629281 51.590119 0.00205447776566676
0.769999980926514 51.2099990844727 0.000294666133721129
0.87999963760376 51.7599983215332 0.000294666133721129
0.87999963760376 51.8699989318848 0.000294666133721129
0.989999771118164 52.6399993896484 0.000294666133721129
0.989999771118164 52.5299987792969 0.000294666133721129
1.20999956130981 52.3099975585938 0.000294666133721129
0.549999713897705 52.6399993896484 0.000609795193395113
0.439999580383301 52.2000007629395 0.000609795193395113
0.87999963760376 51.0999984741211 0.00262061871702911
0.87999963760376 51.2099990844727 0.000632986509475017
0.769999980926514 50.9899978637695 0.000632986509475017
0.87999963760376 51.3199996948242 0.000632986509475017
0.659999847412109 52.8600006103516 0.000632986509475017
1.42999982833862 52.4199981689453 0.000645264265046731
1.20999956130981 52.2000007629395 0.000645264265046731
0.549999713897705 52.75 0.000487017637677976
0.439999580383301 52.3099975585938 0.000487017637677976
0.329999923706055 51.2099990844727 0.000487017637677976
0.109999656677246 52.8600006103516 0.000487017637677976
0.329999923706055 51.3199996948242 0.00351825906882773
0.989999771118164 52.4199981689453 0.000226456380544941
0.989999771118164 52.3099975585938 0.000226456380544941
1.42999982833862 52.3099975585938 0.000226456380544941
1.20999956130981 51.9799995422363 0.000226456380544941
1.20999956130981 52.0900001525879 0.000226456380544941
1.42999982833862 52.2000007629395 0.000226456380544941
1.42999982833862 52.0900001525879 0.000631622314411493
0.80948091 51.591422 0.000631622314411493
-3.300000191 54.84000015 0.000559319976044735
-0.880000114 50.77000046 0.000559319976044735
-4.070000172 51.20999908 0.000559319976044735
0.439999580383301 52.4199981689453 0.000147333066860564
0.329999923706055 51.5400009155273 0.000147333066860564
0.769999980926514 51.0999984741211 0.000147333066860564
0.659999847412109 50.9899978637695 0.000147333066860564
0.549999713897705 52.8600006103516 0.000147333066860564
0.439999580383301 52.5299987792969 0.000147333066860564
-2.0739833 51.897001 0.00321950034991603
-1.76000022888184 55.1699981689453 9.41294593831383e-05
-1.76000022888184 55.2799987792969 9.41294593831383e-05
-1.87000036239624 54.9500007629395 9.41294593831383e-05
-1.98000001907349 54.7299995422363 9.41294593831383e-05
-1.76000022888184 55.0599975585938 9.41294593831383e-05
-1.76000022888184 54.9500007629395 9.41294593831383e-05
-2.09000015258789 54.8400001525879 9.41294593831383e-05
-1.98000001907349 54.8400001525879 9.41294593831383e-05
-2.09000015258789 54.7299995422363 9.41294593831383e-05
-1.98000001907349 54.9500007629395 9.41294593831383e-05
-1.87000036239624 54.8400001525879 9.41294593831383e-05
-2.20000028610229 54.7299995422363 9.41294593831383e-05
-2.64000034332275 54.7299995422363 0.000207357649655609
-2.42000007629395 54.9500007629395 0.000207357649655609
-2.64000034332275 54.6199989318848 0.000207357649655609
-2.42000007629395 54.8400001525879 0.000207357649655609
-2.42000007629395 55.0599975585938 0.000207357649655609
-2.53000020980835 54.7299995422363 0.000207357649655609
-2.20000028610229 54.9500007629395 0.00369833281721287
-2.20000028610229 54.8400001525879 0.000319221644864556
-2.3100004196167 54.8400001525879 0.000319221644864556
-2.42000007629395 54.7299995422363 0.000319221644864556
-2.3100004196167 54.7299995422363 0.000319221644864556
-2.20000028610229 55.0599975585938 0.000251011891688369
-2.09000015258789 55.0599975585938 0.000251011891688369
-2.3100004196167 54.9500007629395 0.000251011891688369
-2.09000015258789 54.9500007629395 0.000251011891688369
-1.98000001907349 55.0599975585938 0.000251011891688369
-1.87000036239624 55.0599975585938 0.000251011891688369
-1.32000017166138 54.6199989318848 0.000328771010309222
-1.21000003814697 54.5099983215332 0.000328771010309222
-1.10000038146973 54.6199989318848 0.000328771010309222
-0.990000247955322 54.5099983215332 0.000328771010309222
-0.880000114440918 50.8800010681152 0.000328771010309222
-1.10000038146973 54.5099983215332 0.000328771010309222
-1.32000017166138 54.5099983215332 0.000328771010309222
-1.21000003814697 54.6199989318848 0.000328771010309222
-0.769999980926514 50.8800010681152 0.000289209353467034
-0.990000247955322 54.3999977111816 0.000289209353467034
-0.660000324249268 50.9899978637695 0.000289209353467034
-0.990000247955322 54.2900009155273 0.000289209353467034
-0.880000114440918 54.5099983215332 0.000289209353467034
-1.32000017166138 54.1800003051758 0.00198626801249057
-1.2246606 50.852669 0.00198353962236352
-1.159369 50.805239 0.00412259748196875
-0.769999980926514 50.9899978637695 0.000529307684647212
-0.660000324249268 51.2099990844727 0.000529307684647212
-0.990000247955322 54.1800003051758 0.00288117997416215
-1.54000043869019 54.0699996948242 0.000306943889292842
-1.43000030517578 54.1800003051758 0.000306943889292842
-1.76000022888184 54.0699996948242 0.000306943889292842
-1.65000009536743 54.0699996948242 0.000306943889292842
-1.54000043869019 54.1800003051758 0.000306943889292842
-1.65000009536743 53.9599990844727 0.000306943889292842
-1.43000030517578 54.0699996948242 0.000306943889292842
-0.76747564 51.273456 0.00317857449801032
-1.43000030517578 54.6199989318848 0.000238734136116655
-1.43000030517578 54.5099983215332 0.000238734136116655
-1.43000030517578 54.2900009155273 0.000238734136116655
-1.54000043869019 54.3999977111816 0.000238734136116655
-1.54000043869019 54.5099983215332 0.000238734136116655
-1.54000043869019 54.2900009155273 0.000238734136116655
-1.65000009536743 54.3999977111816 0.000238734136116655
-1.32000017166138 54.3999977111816 0.000220999600290846
-1.21000003814697 54.3999977111816 0.000220999600290846
-1.21000003814697 54.2900009155273 0.000220999600290846
-1.43000030517578 54.3999977111816 0.000220999600290846
-1.32000017166138 54.2900009155273 0.000220999600290846
-1.10000038146973 54.3999977111816 0.000220999600290846
-1.10000038146973 54.2900009155273 0.000220999600290846
-1.21000003814697 54.1800003051758 0.000220999600290846
-1.10000038146973 54.1800003051758 0.000220999600290846
0.109999656677246 52.9700012207031 0.00230821804748217
-0.330000400543213 52.0900001525879 0.000885362596226909
-0.440000057220459 51.8699989318848 0.000885362596226909
0 52.75 0.000369696862214934
0 52.6399993896484 0.000369696862214934
0.329999923706055 51.4300003051758 0.000369696862214934
0.109999656677246 53.0799980163574 0.000369696862214934
0.109999656677246 53.189998626709 0.000369696862214934
-0.220000267028809 52.0900001525879 0.00127415818933118
-0.110000133514404 52.5299987792969 0.000424264664755884
-0.220000267028809 52.4199981689453 0.000424264664755884
-0.220000267028809 52.3099975585938 0.000424264664755884
-0.110000133514404 52.4199981689453 0.000424264664755884
0 52.8600006103516 0.000424264664755884
-0.220000267028809 52.2000007629395 0.00109135605081899
-0.18935619 51.904336 0.00418807884501789
-0.330000400543213 51.9799995422363 0.00127279399426765
-0.40336877 51.668108 0.00507616983137185
-0.110000133514404 52.3099975585938 0.00102723888283338
0.989999771118164 51.3199996948242 0.000241462526243703
1.32000017166138 52.6399993896484 0.000241462526243703
1.09999990463257 52.6399993896484 0.000241462526243703
1.09999990463257 52.5299987792969 0.000241462526243703
1.32000017166138 52.5299987792969 0.000241462526243703
-4.510000229 50.98999786 0.000241462526243703
-3.410000086 54.84000015 0.000597517437823399
-3.300000191 54.18000031 0.000597517437823399
-1.870000362 55.72000122 0.000597517437823399
-1.650000095 55.61000061 0.000597517437823399
0.439999580383301 51.9799995422363 0.00161111437002154
-2.420000076 50.54999924 0.000452912761089883
1.2892264 51.212299 0.000452912761089883
0.109999657 53.63000107 0.000452912761089883
0.659999847412109 52.6399993896484 0.00131917662642746
0.549999713897705 52.4199981689453 0.00131917662642746
0.659999847412109 52.4199981689453 0.000481560857423881
0.989999771118164 51.8699989318848 0.000481560857423881
0.989999771118164 51.9799995422363 0.000481560857423881
0.769999980926514 52.75 0.000481560857423881
0.769999980926514 52.6399993896484 0.000481560857423881
0.21999979019165 53.189998626709 0.000403801738803028
0.439999580383301 51.8699989318848 0.000403801738803028
0.329999923706055 50.8800010681152 0.000403801738803028
-3.410000086 54.72999954 0.000368332667151411
-5.170000076 50 0.000368332667151411
1.32000017166138 52.4199981689453 0.000368332667151411
1.32000017166138 52.75 0.000448820175899312
-4.180000305 51.09999847 0.000448820175899312
1.09999990463257 52.75 0.000448820175899312
1.20999956130981 51.2099990844727 0.000448820175899312
0.21999979 50.77000046 0.00167386734294363
0.549999713897705 52.2000007629395 0.000611159388458637
0.549999713897705 52.3099975585938 0.000611159388458637
0.659999847412109 52.5299987792969 0.000611159388458637
0.439999580383301 51.7599983215332 0.000611159388458637
0.769999980926514 52.5299987792969 0.000428357249946455
0.659999847412109 52.3099975585938 0.000428357249946455
-2.09000015258789 51.7599983215332 0.00110363380639071
-2.42000007629395 51.8699989318848 0.000675276556444253
-2.64000034332275 52.2000007629395 0.000675276556444253
-2.53000020980835 51.9799995422363 0.000675276556444253
-2.75 52.6399993896484 0.000602974218077494
-2.8600001335144 52.8600006103516 0.000602974218077494
-2.8600001335144 53.0799980163574 0.000602974218077494
-2.3100004196167 52.0900001525879 0.0015224416908925
-2.64000034332275 52.75 0.000317857449801032
-2.53000020980835 52.4199981689453 0.000317857449801032
-2.42000007629395 52.3099975585938 0.000317857449801032
-2.64000034332275 52.6399993896484 0.000317857449801032
-2.53000020980835 52.5299987792969 0.000317857449801032
-2.64000034332275 52.5299987792969 0.000317857449801032
-2.75 53.0799980163574 0.000317857449801032
-2.42000007629395 52.4199981689453 0.000317857449801032
-2.75 52.8600006103516 0.000317857449801032
-2.53000020980835 52.3099975585938 0.000317857449801032
-1.98000001907349 51.7599983215332 0.000718930798477013
-2.09000015258789 51.8699989318848 0.000718930798477013
-2.20000028610229 52.0900001525879 0.000718930798477013
-2.53000020980835 52.2000007629395 0.00124278170287013
-2.3100004196167 52.3099975585938 0.000126870140907708
-2.09000015258789 51.9799995422363 0.000126870140907708
-2.3100004196167 52.2000007629395 0.000126870140907708
-2.42000007629395 52.2000007629395 0.000126870140907708
-2.42000007629395 52.0900001525879 0.000126870140907708
-2.20000028610229 52.2000007629395 0.000126870140907708
-2.20000028610229 51.9799995422363 0.000649356850237302
-2.64000034332275 52.3099975585938 0.00125505945844184
-2.53000020980835 52.0900001525879 0.00125505945844184
-2.75 52.5299987792969 0.000426993054882932
-2.75 52.4199981689453 0.000426993054882932
-2.8600001335144 52.6399993896484 0.000426993054882932
-2.64000034332275 52.0900001525879 0.000426993054882932
-2.8600001335144 53.189998626709 0.00051020895375788
-2.75 52.75 0.00051020895375788
-2.64000034332275 52.4199981689453 0.00051020895375788
-1.21000003814697 51.8699989318848 0.00094402298395843
-1.10000038146973 52.2000007629395 0.000750307284938059
-0.990000247955322 52.2000007629395 0.000750307284938059
-0.880000114440918 52.2000007629395 0.000175981163194563
-1.10000038146973 51.8699989318848 0.000175981163194563
-1.10000038146973 51.9799995422363 0.000175981163194563
-0.660000324249268 52.4199981689453 0.000175981163194563
-0.769999980926514 52.3099975585938 0.000175981163194563
-0.880000114440918 52.0900001525879 0.000175981163194563
-0.769999980926514 52.2000007629395 0.000175981163194563
-0.990000247955322 51.9799995422363 0.000175981163194563
-1.32000017166138 51.7599983215332 0.000459733736407501
-1.43000030517578 51.4300003051758 0.000459733736407501
-1.21000003814697 51.9799995422363 0.000459733736407501
-0.880000114440918 52.3099975585938 0.000135055311288851
-0.660000324249268 52.75 0.000135055311288851
-0.660000324249268 52.6399993896484 0.000135055311288851
-0.769999980926514 52.4199981689453 0.000135055311288851
-0.769999980926514 52.5299987792969 0.000135055311288851
-1.43000030517578 51.5400009155273 0.000417443689438265
-1.32000017166138 51.8699989318848 0.000417443689438265
-1.21000003814697 52.0900001525879 0.000417443689438265
-1.21000003814697 52.2000007629395 0.000417443689438265
-1.0934333 52.587142 0.00323587069067832
0.21999979019165 51.6499977111816 0.000210086039782656
0.329999923706055 52.5299987792969 0.000210086039782656
0.109999656677246 51.2099990844727 0.000210086039782656
0.329999923706055 52.6399993896484 0.000100950434700757
0.659999847412109 51.9799995422363 0.000100950434700757
0.109999656677246 51.6499977111816 0.000100950434700757
0.21999979019165 51.7599983215332 0.000100950434700757
-0.110000133514404 53.8499984741211 0.000100950434700757
0.109999656677246 51.5400009155273 0.000100950434700757
0 50.8800010681152 0.000100950434700757
0.439999580383301 50.9899978637695 0.000100950434700757
0.109999656677246 51.3199996948242 0.000100950434700757
0.21999979019165 52.0900001525879 0.000100950434700757
0.329999923706055 52.75 0.000100950434700757
0.21999979019165 51.8699989318848 0.000100950434700757
0.549999713897705 51.4300003051758 0.000100950434700757
0.549999713897705 51.6499977111816 0.000100950434700757
0.109999656677246 51.4300003051758 0.000100950434700757
0.659999847412109 51.8699989318848 0.000100950434700757
0.549999713897705 51.7599983215332 0.000100950434700757
0.21999979019165 51.9799995422363 0.000100950434700757
0.549999713897705 51.5400009155273 0.000100950434700757
0.439999580383301 51.0999984741211 0.000100950434700757
-0.55493295 53.224722 0.00327133976232994
-0.440000057220459 53.2999992370605 0.000139147896479422
-0.550000190734863 53.0799980163574 0.000139147896479422
-0.220000267028809 53.4099998474121 0.000139147896479422
-0.440000057220459 53.189998626709 0.000139147896479422
-0.110000133514404 53.5200004577637 0.000139147896479422
-0.330000400543213 53.2999992370605 0.000139147896479422
-0.330000400543213 53.5200004577637 0.000139147896479422
-0.550000190734863 53.189998626709 0.000139147896479422
-0.330000400543213 53.4099998474121 0.000139147896479422
-0.220000267028809 53.5200004577637 0.000139147896479422
-0.220000267028809 53.6300010681152 0.000139147896479422
-0.110000133514404 53.7399978637695 0.000139147896479422
0.329999923706055 52.3099975585938 0.000140512091542946
0.21999979019165 51.4300003051758 0.000140512091542946
0.109999656677246 51.0999984741211 0.000140512091542946
0.329999923706055 52.4199981689453 0.000140512091542946
0.109999656677246 50.9899978637695 0.000140512091542946
-0.110000133514404 53.4099998474121 0.000140512091542946
0.21999979019165 51.5400009155273 0.000140512091542946
-0.110000133514404 53.2999992370605 0.000140512091542946
-0.660000324249268 52.8600006103516 0.000180073748385134
-0.550000190734863 52.9700012207031 0.000180073748385134
-0.330000400543213 53.0799980163574 0.000180073748385134
-0.440000057220459 53.0799980163574 0.000180073748385134
-0.220000267028809 53.2999992370605 0.000180073748385134
-0.550000190734863 52.8600006103516 0.000180073748385134
-0.330000400543213 53.189998626709 0.000180073748385134
-0.440000057220459 52.8600006103516 0.000180073748385134
-0.440000057220459 52.9700012207031 0.000180073748385134
-0.220000267028809 53.189998626709 0.000180073748385134
-0.220000267028809 53.9599990844727 9.41294593831383e-05
-0.220000267028809 53.8499984741211 9.41294593831383e-05
-0.330000400543213 53.7399978637695 9.41294593831383e-05
-0.550000190734863 53.2999992370605 9.41294593831383e-05
-0.440000057220459 53.5200004577637 9.41294593831383e-05
0 51.0999984741211 9.41294593831383e-05
-0.440000057220459 53.4099998474121 9.41294593831383e-05
-0.660000324249268 53.2999992370605 9.41294593831383e-05
-0.220000267028809 53.7399978637695 9.41294593831383e-05
-0.550000190734863 53.4099998474121 9.41294593831383e-05
0 50.9899978637695 9.41294593831383e-05
-0.330000400543213 53.6300010681152 9.41294593831383e-05
1.53999948501587 52.75 0.000126870140907708
1.20999956130981 52.75 0.000126870140907708
1.32000017166138 51.3199996948242 0.000126870140907708
-3.520000219 50.43999863 0.000126870140907708
1.53999948501587 52.6399993896484 0.000126870140907708
-3.520000219 54.50999832 0.000126870140907708
1.09999990463257 51.9799995422363 0.000126870140907708
1.32000017166138 51.9799995422363 0.000126870140907708
-3.630000114 54.50999832 0.000126870140907708
1.32000017166138 52.0900001525879 0.000126870140907708
1.09999990463257 51.8699989318848 0.000126870140907708
1.53999948501587 52.5299987792969 0.000126870140907708
-3.630000114 50.32999802 0.000126870140907708
1.53999948501587 52.4199981689453 0.000126870140907708
0.109999657 50.77000046 0.000293301938657605
-2.970000267 54.06999969 0.000293301938657605
0.879999638 52.97000122 0.000293301938657605
1.320000172 52.86000061 0.000293301938657605
0.659999847 50.88000107 0.000293301938657605
1.650000095 52.63999939 0.000712109823159394
1.6613366 52.640631 0.000712109823159394
0.549999713897705 51.3199996948242 0.000129598531034756
0.87999963760376 52.75 0.000129598531034756
0.769999980926514 51.8699989318848 0.000129598531034756
0.549999713897705 51.0999984741211 0.000129598531034756
0.659999847412109 51.7599983215332 0.000129598531034756
1.09999990463257 52.3099975585938 0.000129598531034756
0.87999963760376 52.4199981689453 0.000129598531034756
0.769999980926514 52.0900001525879 0.000129598531034756
0.87999963760376 52.8600006103516 0.000129598531034756
1.32000017166138 52.2000007629395 0.000129598531034756
1.32000017166138 52.3099975585938 0.000129598531034756
0.87999963760376 52.5299987792969 0.000129598531034756
0.549999713897705 51.2099990844727 0.000129598531034756
0.769999980926514 52.2000007629395 0.000129598531034756
1.09999990463257 52.2000007629395 0.000129598531034756
0.769999980926514 51.9799995422363 0.000129598531034756
0.87999963760376 52.6399993896484 0.000129598531034756
1.09999990463257 52.0900001525879 0.000129598531034756
0.659999847412109 51.5400009155273 0.000129598531034756
0.659999847412109 51.6499977111816 0.000129598531034756
-3.410000086 54.39999771 0.000139147896479422
-3.410000086 54.29000092 0.000139147896479422
1.429999828 52.86000061 0.000139147896479422
0.989999771 52.86000061 0.000139147896479422
-2.970000267 54.18000031 0.000139147896479422
1.65000009536743 52.5299987792969 0.000139147896479422
0.659999847 52.97000122 0.000139147896479422
1.65000009536743 52.4199981689453 0.000139147896479422
1.650000095 52.75 0.000139147896479422
0.109999657 53.40999985 0.000139147896479422
0.989999771 52.97000122 0.000139147896479422
0.549999714 52.97000122 0.00424946762287646
0 53.73999786 0.00424946762287646
0.549999714 50.88000107 0.000166431797749897
0.879999638 51.64999771 0.000166431797749897
-2.970000267 51.43000031 0.000166431797749897
0 53.63000107 0.000166431797749897
-2.970000267 53.95999908 0.000166431797749897
1.320000172 51.20999908 0.000166431797749897
0 53.52000046 0.000166431797749897
0.43999958 50.88000107 0.000166431797749897
-2.970000267 53.84999847 0.000166431797749897
-0.550000190734863 52.5299987792969 0.000903097132052718
-1.10000038146973 51.7599983215332 0.000147333066860564
-0.990000247955322 51.7599983215332 0.000147333066860564
-1.10000038146973 51.6499977111816 0.000147333066860564
-0.990000247955322 51.6499977111816 0.000147333066860564
-0.880000114440918 51.9799995422363 0.000147333066860564
-0.880000114440918 51.8699989318848 0.000147333066860564
-0.769999980926514 51.9799995422363 0.000147333066860564
-0.990000247955322 51.8699989318848 0.000147333066860564
-0.440000057220459 52.4199981689453 0.000204629259528561
-0.440000057220459 52.6399993896484 0.000204629259528561
-0.330000400543213 52.8600006103516 0.000204629259528561
-0.440000057220459 52.5299987792969 0.000204629259528561
-0.330000400543213 52.75 0.000204629259528561
-0.660000324249268 52.3099975585938 0.000478832467296834
-0.550000190734863 52.4199981689453 0.000478832467296834
-0.769999980926514 52.0900001525879 0.000478832467296834
-0.769999980926514 51.8699989318848 0.00328498171296517
-1.10000038146973 51.4300003051758 0.000170524382940468
-0.880000114440918 51.6499977111816 0.000170524382940468
-0.990000247955322 51.5400009155273 0.000170524382940468
-1.10000038146973 51.5400009155273 0.000170524382940468
-0.769999980926514 51.7599983215332 0.000170524382940468
-0.660000324249268 52.0900001525879 0.000170524382940468
-0.880000114440918 51.7599983215332 0.000170524382940468
-0.660000324249268 52.2000007629395 0.000607066803268066
-0.550000190734863 52.3099975585938 0.000607066803268066
-2.09000015258789 52.0900001525879 6.27529729220922e-05
-1.76000022888184 52.2000007629395 6.27529729220922e-05
-2.20000028610229 52.3099975585938 6.27529729220922e-05
-1.98000001907349 52.0900001525879 6.27529729220922e-05
-2.3100004196167 52.5299987792969 6.27529729220922e-05
-2.3100004196167 52.4199981689453 6.27529729220922e-05
-2.09000015258789 52.2000007629395 6.27529729220922e-05
-1.87000036239624 51.9799995422363 6.27529729220922e-05
-1.98000001907349 51.8699989318848 6.27529729220922e-05
-1.98000001907349 51.9799995422363 6.27529729220922e-05
-1.76000022888184 52.0900001525879 6.27529729220922e-05
-2.20000028610229 52.4199981689453 6.27529729220922e-05
-1.87000036239624 52.0900001525879 6.27529729220922e-05
-0.990000247955322 53.5200004577637 8.73084840655196e-05
-1.43000030517578 53.189998626709 8.73084840655196e-05
-1.21000003814697 53.5200004577637 8.73084840655196e-05
-1.32000017166138 53.5200004577637 8.73084840655196e-05
-1.32000017166138 53.4099998474121 8.73084840655196e-05
-0.990000247955322 53.8499984741211 8.73084840655196e-05
-1.10000038146973 53.5200004577637 8.73084840655196e-05
-1.43000030517578 53.0799980163574 8.73084840655196e-05
-1.21000003814697 53.6300010681152 8.73084840655196e-05
-1.54000043869019 52.75 8.73084840655196e-05
-1.10000038146973 53.8499984741211 8.73084840655196e-05
-0.990000247955322 53.6300010681152 8.73084840655196e-05
-1.21000003814697 53.7399978637695 8.73084840655196e-05
-1.10000038146973 53.6300010681152 8.73084840655196e-05
-1.32000017166138 53.2999992370605 0.000158246627368754
-1.21000003814697 53.2999992370605 0.000158246627368754
-1.21000003814697 53.4099998474121 0.000158246627368754
-1.43000030517578 52.8600006103516 0.000158246627368754
-1.43000030517578 52.9700012207031 0.000158246627368754
-1.32000017166138 53.0799980163574 0.000158246627368754
-1.76000022888184 52.3099975585938 0.000158246627368754
-1.65000009536743 52.4199981689453 0.000158246627368754
-1.54000043869019 52.5299987792969 0.000158246627368754
-1.65000009536743 52.5299987792969 0.000158246627368754
-1.54000043869019 52.6399993896484 0.000158246627368754
-1.43000030517578 52.75 0.000158246627368754
-1.32000017166138 53.189998626709 0.000158246627368754
-1.65000009536743 52.3099975585938 0.000158246627368754
-1.54000043869019 52.4199981689453 0.000158246627368754
-1.87000036239624 52.2000007629395 0.000158246627368754
-1.54000043869019 52.9700012207031 4.91110222868548e-05
-1.76000022888184 52.4199981689453 4.91110222868548e-05
-2.09000015258789 52.3099975585938 4.91110222868548e-05
-1.98000001907349 52.3099975585938 4.91110222868548e-05
-1.98000001907349 52.2000007629395 4.91110222868548e-05
-1.87000036239624 52.4199981689453 4.91110222868548e-05
-2.20000028610229 52.5299987792969 4.91110222868548e-05
-1.54000043869019 52.8600006103516 4.91110222868548e-05
-1.76000022888184 52.5299987792969 4.91110222868548e-05
-1.65000009536743 52.6399993896484 4.91110222868548e-05
-1.65000009536743 52.75 4.91110222868548e-05
-1.87000036239624 52.3099975585938 4.91110222868548e-05
-2.09000015258789 52.4199981689453 4.91110222868548e-05
-1.65000009536743 52.8600006103516 4.91110222868548e-05
-0.660000324249268 54.1800003051758 4.63826321598073e-05
-0.769999980926514 53.8499984741211 4.63826321598073e-05
-0.880000114440918 53.7399978637695 4.63826321598073e-05
-0.769999980926514 53.9599990844727 4.63826321598073e-05
-1.10000038146973 53.7399978637695 4.63826321598073e-05
-0.660000324249268 53.9599990844727 4.63826321598073e-05
-0.880000114440918 53.6300010681152 4.63826321598073e-05
-0.990000247955322 53.7399978637695 4.63826321598073e-05
-0.769999980926514 53.7399978637695 4.63826321598073e-05
-0.550000190734863 54.1800003051758 4.63826321598073e-05
-0.330000400543213 50.8800010681152 4.63826321598073e-05
-0.880000114440918 53.8499984741211 4.63826321598073e-05
-0.550000190734863 54.2900009155273 4.63826321598073e-05
-0.550000190734863 54.0699996948242 4.63826321598073e-05
-0.660000324249268 54.0699996948242 4.63826321598073e-05
-0.220000267028809 51.0999984741211 4.63826321598073e-05
-0.880000114440918 53.9599990844727 0.000177345358258087
-0.769999980926514 54.0699996948242 0.000177345358258087
-0.660000324249268 54.2900009155273 0.000177345358258087
-0.110000133514404 51.3199996948242 0.000177345358258087
-0.660000324249268 54.3999977111816 0.000177345358258087
-0.330000400543213 51.0999984741211 0.000177345358258087
-0.330000400543213 50.9899978637695 0.000177345358258087
-0.440000057220459 50.8800010681152 0.000177345358258087
-0.220000267028809 51.2099990844727 0.000177345358258087
-1.10000038146973 53.2999992370605 0.000174616968131039
-0.880000114440918 53.4099998474121 0.000174616968131039
-0.990000247955322 53.2999992370605 0.000174616968131039
-1.10000038146973 53.189998626709 0.000174616968131039
-0.990000247955322 53.189998626709 0.000174616968131039
-1.21000003814697 53.189998626709 0.000174616968131039
-0.880000114440918 53.2999992370605 0.000174616968131039
-1.21000003814697 52.4199981689453 0.00138738637960365
-0.880000114440918 52.8600006103516 0.000230548965735513
-0.769999980926514 52.9700012207031 0.000230548965735513
-0.990000247955322 52.8600006103516 0.000230548965735513
-0.769999980926514 53.0799980163574 0.000230548965735513
-0.660000324249268 53.189998626709 0.000230548965735513
-0.990000247955322 52.75 0.000230548965735513
-0.880000114440918 52.9700012207031 0.000230548965735513
-1.2620856 52.976425 0.00183211397031239
-1.10000038146973 52.5299987792969 0.00127142979920413
-0.990000247955322 52.4199981689453 0.00127142979920413
-1.1727987 53.170698 0.00174616968131039
-0.990000247955322 52.5299987792969 0.00022236379535437
-0.880000114440918 52.6399993896484 0.00022236379535437
-0.769999980926514 52.8600006103516 0.00022236379535437
-0.660000324249268 53.0799980163574 0.00022236379535437
-0.880000114440918 52.75 0.00022236379535437
-0.769999980926514 52.75 0.00022236379535437
-0.660000324249268 52.9700012207031 0.00022236379535437
-0.990000247955322 52.6399993896484 0.00022236379535437
-0.990000247955322 52.3099975585938 0.000351962326389126
-0.880000114440918 52.5299987792969 0.000351962326389126
-1.10000038146973 52.3099975585938 0.000351962326389126
-0.769999980926514 52.6399993896484 0.000351962326389126
-0.880000114440918 52.4199981689453 0.000351962326389126
-1.21000003814697 51.4300003051758 0.000305579694229319
-0.990000247955322 51.3199996948242 0.000305579694229319
-1.10000038146973 51.3199996948242 0.000305579694229319
-0.990000247955322 51.4300003051758 0.000305579694229319
-1.21000003814697 51.3199996948242 0.000305579694229319
-1.32000017166138 51.2099990844727 0.000305579694229319
-1.10000038146973 51.2099990844727 0.0040161902670139
-0.990000247955322 51.2099990844727 0.000257832867005987
-0.880000114440918 51.2099990844727 0.000257832867005987
-0.880000114440918 51.0999984741211 0.000257832867005987
-0.990000247955322 50.9899978637695 0.000257832867005987
-1.10000038146973 50.9899978637695 0.000257832867005987
-1.10000038146973 51.0999984741211 0.000257832867005987
-0.990000247955322 51.0999984741211 0.000257832867005987
-1.43000030517578 54.9500007629395 0.000272839012704749
-1.54000043869019 54.9500007629395 0.000272839012704749
-1.65000009536743 54.8400001525879 0.000272839012704749
-1.21000003814697 51.0999984741211 0.000272839012704749
-1.21000003814697 50.9899978637695 0.000272839012704749
-1.65000009536743 55.0599975585938 0.000182802138512182
-1.54000043869019 55.0599975585938 0.000182802138512182
-1.54000043869019 55.1699981689453 0.000182802138512182
-1.65000009536743 55.1699981689453 0.000182802138512182
-1.43000030517578 50.7700004577637 0.000182802138512182
-1.65000009536743 54.9500007629395 0.000182802138512182
-1.32000017166138 50.9899978637695 0.000182802138512182
-1.21000003814697 51.2099990844727 0.000182802138512182
-1.32000017166138 50.8800010681152 0.000182802138512182
-1.32000017166138 51.0999984741211 0.000182802138512182
-2.3100004196167 54.2900009155273 0.000190987308893324
-2.75 54.5099983215332 0.000190987308893324
-2.53000020980835 54.1800003051758 0.000190987308893324
-2.64000034332275 54.1800003051758 0.000190987308893324
-2.42000007629395 54.2900009155273 0.000190987308893324
-2.64000034332275 54.0699996948242 0.000190987308893324
-2.75 54.6199989318848 0.000256468671942464
-2.97000026702881 54.8400001525879 0.000256468671942464
-2.97000026702881 51.2099990844727 0.000256468671942464
-2.97000026702881 54.9500007629395 0.000256468671942464
-2.8600001335144 54.6199989318848 0.000256468671942464
-2.8600001335144 54.7299995422363 0.000256468671942464
-2.53000020980835 54.0699996948242 0.000214178624973228
-2.8600001335144 54.3999977111816 0.000214178624973228
-2.75 54.2900009155273 0.000214178624973228
-2.64000034332275 53.9599990844727 0.000214178624973228
-2.75 54.3999977111816 0.000214178624973228
-2.97000026702881 54.6199989318848 0.000214178624973228
-2.42000007629395 54.0699996948242 0.000214178624973228
-2.97000026702881 54.7299995422363 0.000214178624973228
-2.42000007629395 54.1800003051758 0.000214178624973228
-2.8600001335144 54.5099983215332 0.000214178624973228
-3.08000016212463 52.4199981689453 0.000301487109038747
-2.97000026702881 51.0999984741211 0.000301487109038747
-3.08000016212463 52.6399993896484 0.000301487109038747
-3.19000029563904 54.5099983215332 0.000301487109038747
-3.41000008583069 50.6599998474121 6.54813630491397e-05
-2.97000026702881 51.3199996948242 6.54813630491397e-05
-3.52000021934509 54.6199989318848 6.54813630491397e-05
-3.19000029563904 54.6199989318848 6.54813630491397e-05
-3.30000019073486 50.7700004577637 6.54813630491397e-05
-3.30000019073486 50.8800010681152 6.54813630491397e-05
-3.30000019073486 54.7299995422363 6.54813630491397e-05
-3.63000011444092 51.0999984741211 6.54813630491397e-05
-1.87000036239624 50.7700004577637 0.00159337983419573
-1.98000001907349 55.7200012207031 0.00159337983419573
-1.76000022888184 50.9899978637695 0.000365604277024363
-1.65000009536743 51.0999984741211 0.000365604277024363
-1.76000022888184 51.0999984741211 0.000365604277024363
-1.65000009536743 51.2099990844727 0.000365604277024363
-1.76000022888184 50.7700004577637 0.000383338812850172
-1.76000022888184 50.8800010681152 0.000383338812850172
-1.65000009536743 50.9899978637695 0.000383338812850172
-2.20000028610229 51.2099990844727 0.000788504746716724
-2.20000028610229 51.3199996948242 0.000788504746716724
-2.09000015258789 55.7200012207031 0.000354690716516173
-1.98000001907349 50.6599998474121 0.000354690716516173
-2.20000028610229 55.6100006103516 0.000354690716516173
-2.09000015258789 50.6599998474121 0.000354690716516173
-1.98000001907349 50.7700004577637 0.000275567402831796
-1.87000036239624 50.8800010681152 0.000275567402831796
-2.20000028610229 50.9899978637695 0.000275567402831796
-2.09000015258789 50.7700004577637 0.000275567402831796
-2.09000015258789 50.8800010681152 0.000275567402831796
-2.20000028610229 51.0999984741211 0.000275567402831796
-1.76000022888184 51.3199996948242 0.000223727990417894
-1.76000022888184 51.2099990844727 0.000223727990417894
-1.87000036239624 51.2099990844727 0.000223727990417894
-1.87000036239624 50.9899978637695 0.000223727990417894
-1.98000001907349 50.9899978637695 0.000223727990417894
-1.87000036239624 51.0999984741211 0.000223727990417894
-1.54000043869019 51.0999984741211 0.00329589527347336
1.20999956130981 52.4199981689453 0.000192351503956848
-0.769999981 50.77000046 0.000192351503956848
-3.850000143 51.20999908 0.000192351503956848
-3.960000277 51.20999908 0.000192351503956848
1.42999982833862 52.6399993896484 0.000192351503956848
1.42999982833862 52.5299987792969 0.000192351503956848
-3.190000296 53.40999985 0.000192351503956848
0.989999771118164 52.75 0.000192351503956848
0.87999963760376 52.2000007629395 0.00020053667433799
0.769999980926514 51.7599983215332 0.00020053667433799
0.87999963760376 52.3099975585938 0.00020053667433799
1.09999990463257 51.3199996948242 0.00020053667433799
1.1598094 52.055872 0.00405165933866552
-3.740000248 51.20999908 0.000136419506352374
-3.740000248 50.22000122 0.000136419506352374
-3.190000296 54.06999969 0.000136419506352374
1.42999982833862 52.75 0.000136419506352374
0.329999924 53.18999863 0.000136419506352374
-3.080000162 53.52000046 0.000136419506352374
-3.080000162 53.40999985 0.000136419506352374
-0.440000057 54.29000092 0.000136419506352374
-0.550000191 54.39999771 0.000136419506352374
1.20999956130981 52.6399993896484 0.000203265064465038
1.09999990463257 51.2099990844727 0.000203265064465038
1.09999990463257 51.0999984741211 0.000203265064465038
1.20999956130981 52.5299987792969 0.000203265064465038
1.53999948501587 52.3099975585938 0.000203265064465038
0.87999963760376 52.0900001525879 0.000203265064465038
0.87999963760376 51.9799995422363 0.000203265064465038
0.769999980926514 51.3199996948242 0.000203265064465038
0.879999638 50.98999786 0.000175981163194563
0.769999981 52.97000122 0.000175981163194563
1.099999905 52.86000061 0.000175981163194563
0.21999979 53.29999924 0.000175981163194563
0.769999981 51.43000031 0.000175981163194563
1.539999485 52.09000015 0.000175981163194563
0.329999924 53.07999802 0.000175981163194563
1.209999561 51.09999847 0.000175981163194563
1.209999561 51.86999893 0.000175981163194563
-0.769999981 54.50999832 0.000175981163194563
0.21999979 53.40999985 0.000175981163194563
0.879999638 51.54000092 0.000413351104247694
1.539999485 52.20000076 0.000413351104247694
1.650000095 52.30999756 0.000413351104247694
1.209999561 52.86000061 0.000413351104247694
-0.330000400543213 51.6499977111816 0.00175026226650096
-0.2614483 51.339156 0.00268473588501473
-0.330000400543213 51.5400009155273 0.000653449435427873
-0.550000190734863 51.2099990844727 0.000653449435427873
-0.440000057220459 51.3199996948242 0.000653449435427873
-0.220000267028809 51.6499977111816 0.000424264664755884
-0.220000267028809 51.7599983215332 0.000424264664755884
-0.110000133514404 51.8699989318848 0.00133691116225327
-0.110000133514404 51.7599983215332 0.00133691116225327
-0.440000057220459 51.5400009155273 0.00136419506352374
-0.330000400543213 51.7599983215332 0.00274748885793682
-0.550000190734863 51.3199996948242 0.00115274482867756
0.109999656677246 52.5299987792969 0.000435178225264074
0 52.0900001525879 0.000435178225264074
0.109999656677246 52.4199981689453 0.000435178225264074
-0.550000190734863 51.0999984741211 0.000457005346280454
-0.440000057220459 51.2099990844727 0.000457005346280454
-0.660000324249268 51.0999984741211 0.000457005346280454
-0.440000057220459 51.4300003051758 0.00192760762475905
-1.54000043869019 50.9899978637695 0.000297394523848176
-1.43000030517578 51.3199996948242 0.00205857035085733
-1.32000017166138 51.6499977111816 0.00205857035085733
-1.32000017166138 51.5400009155273 0.000339684570817412
-1.21000003814697 51.6499977111816 0.000339684570817412
-1.21000003814697 51.7599983215332 0.000339684570817412
-1.87000036239624 55.2799987792969 0.000155518237241707
-1.43000030517578 50.9899978637695 0.000155518237241707
-1.87000036239624 55.3899993896484 0.000155518237241707
-1.76000022888184 55.3899993896484 0.000155518237241707
-1.21000003814697 51.5400009155273 0.000155518237241707
-1.65000009536743 55.3899993896484 0.000155518237241707
-1.32000017166138 51.3199996948242 0.000155518237241707
-1.43000030517578 50.8800010681152 0.000155518237241707
-1.65000009536743 55.2799987792969 0.000155518237241707
-1.32000017166138 51.4300003051758 0.000607066803268066
-1.54000043869019 50.7700004577637 0.000607066803268066
-1.43000030517578 51.0999984741211 0.000607066803268066
-1.76000022888184 55.5 0.000607066803268066
-0.2986077 50.84448 0.00194534216058486
-0.440000057220459 50.9899978637695 0.000868992255464624
-0.550000190734863 50.9899978637695 0.000184166333575705
-0.550000190734863 50.8800010681152 0.000184166333575705
-0.769999980926514 54.2900009155273 0.000184166333575705
-0.769999980926514 54.3999977111816 0.000184166333575705
-0.880000114440918 54.1800003051758 0.000184166333575705
-0.660000324249268 50.8800010681152 0.000184166333575705
-0.880000114440918 54.3999977111816 0.000184166333575705
-0.440000057220459 51.0999984741211 0.000184166333575705
-0.880000114440918 54.2900009155273 0.000184166333575705
-0.110000133514404 51.6499977111816 0.00302578465089566
-0.330000400543213 51.2099990844727 0.000313764864610461
-0.330000400543213 51.4300003051758 0.000313764864610461
-0.220000267028809 51.3199996948242 0.000313764864610461
-0.220000267028809 51.5400009155273 0.000313764864610461
-0.330000400543213 51.3199996948242 0.000313764864610461
-0.220000267028809 51.4300003051758 0.000313764864610461
-0.110000133514404 51.4300003051758 0.000519758319202546
-0.110000133514404 51.5400009155273 0.000519758319202546
0 51.8699989318848 0.000519758319202546
0 51.9799995422363 0.000519758319202546
-0.39580798 50.829192 0.00409804197082532
-2.09000015258789 55.5 0.000552499000727116
-1.98000001907349 55.3899993896484 0.000552499000727116
-2.3100004196167 55.1699981689453 0.000170524382940468
-2.3100004196167 55.3899993896484 0.000170524382940468
-2.3100004196167 50.6599998474121 0.000170524382940468
-2.3100004196167 55.2799987792969 0.000170524382940468
-2.3100004196167 55.0599975585938 0.000170524382940468
-2.20000028610229 55.1699981689453 0.000170524382940468
-2.53000020980835 55.2799987792969 0.000170524382940468
-1.9518754 52.282269 0.0019821754273
-2.20000028610229 55.2799987792969 0.0038265671531841
-2.09000015258789 55.3899993896484 0.000231913160799036
-1.98000001907349 55.2799987792969 0.000231913160799036
-1.98000001907349 55.1699981689453 0.000231913160799036
-1.87000036239624 55.1699981689453 0.000231913160799036
-2.09000015258789 55.2799987792969 0.000231913160799036
-2.09000015258789 55.1699981689453 0.000231913160799036
-2.20000028610229 55.3899993896484 0.000231913160799036
-2.20000028610229 55.5 0.000676640751507777
-2.20000028610229 50.6599998474121 0.000676640751507777
